[themes.defaultTheme]
c_AccentColor1 = [ 1.0, 0.20000000298023224, 0.20000000298023224, 1.0 ]
c_AccentColor2 = [ 1.0, 0.4000000059604645, 0.4000000059604645, 1.0 ]
c_Error = [ 1.0, 0.10000000149011612, 0.10000000149011612, 1.0 ]
c_Warning = [ 0.20000000298023224, 1.0, 0.20000000298023224, 1.0 ]

[window]
b_windowMaximized = true
s_windowPosition = [ 0, 40 ]
s_windowSize = [ 3840.0, 2036.0 ]