['Default Setting']
b_windowMaximized = true
c_AccentColor1 = [ 0.7031700611114502, 0.036475684493780136, 0.036475684493780136, 1.0 ]
c_AccentColor2 = [ 0.9490196108818054, 0.8257896304130554, 0.03921566531062126, 1.0 ]
c_Error = [ 1.0, 0.0, 0.0, 1.0 ]
c_Warning = [ 0.0, 1.0, 0.0057637691497802734, 1.0 ]
'murmur:0' = [ 0.0, 0.0, 0.0, 0.0 ]
s_windowPosition = [ 0, 56 ]
s_windowSize = [ 3840.0, 2224.0 ]